0.0
0.04170833333333333
0.08341666666666667
0.125125
0.16683333333333333
0.20854166666666665
0.25025
0.2919583333333333
0.33366666666666667
0.375375
0.4170833333333333
0.45879166666666665
0.5005
0.5422083333333333
0.5839166666666666
0.625625
0.6673333333333333
0.7090416666666667
0.75075
0.7924583333333333
0.8341666666666666
0.875875
0.9175833333333333
0.9592916666666667
1.001
1.0427083333333333
1.0844166666666666
1.126125
1.1678333333333333
1.2095416666666667
1.25125
1.2929583333333332
1.3346666666666667
1.376375
1.4180833333333334
1.4597916666666666
1.5015
1.5432083333333333
1.5849166666666665
1.626625
1.6683333333333332
1.7100416666666667
1.75175
1.7934583333333334
1.8351666666666666
1.8768749999999998
1.9185833333333333
1.9602916666666665
2.002
2.0437083333333335
2.0854166666666667
2.127125
2.168833333333333
2.2105416666666664
2.25225
2.2939583333333333
2.3356666666666666
2.377375
2.4190833333333335
2.4607916666666667
2.5025
2.544208333333333
2.5859166666666664
2.627625
2.6693333333333333
2.7110416666666666
2.75275
2.794458333333333
2.8361666666666667
2.877875
2.919583333333333
2.9612916666666664
3.003
3.0447083333333333
3.0864166666666666
3.128125
3.169833333333333
3.2115416666666663
3.25325
3.294958333333333
3.3366666666666664
3.3783749999999997
3.4200833333333334
3.4617916666666666
3.5035
3.545208333333333
3.5869166666666668
3.628625
3.6703333333333332
3.7120416666666665
3.7537499999999997
3.7954583333333334
3.8371666666666666
3.878875
3.920583333333333
3.9622916666666663
4.004
4.045708333333333
4.087416666666667
4.129125
4.170833333333333
4.212541666666667
4.25425
4.295958333333333
4.337666666666666
4.379375
4.421083333333333
4.462791666666667
4.5045
4.546208333333333
4.587916666666667
4.629625
4.671333333333333
4.713041666666666
4.75475
4.796458333333333
4.838166666666667
4.879875
4.921583333333333
4.963291666666667
5.005
5.046708333333333
5.088416666666666
5.130125
5.171833333333333
5.213541666666666
5.25525
5.296958333333333
5.338666666666667
5.380375
5.422083333333333
5.463791666666666
5.5055
5.547208333333333
5.588916666666666
5.630625
5.6723333333333334
5.714041666666667
5.75575
5.797458333333333
5.839166666666666
5.880875
5.922583333333333
5.964291666666666
6.006
6.0477083333333335
6.089416666666667
6.131125
6.172833333333333
6.214541666666666
6.25625
6.297958333333333
6.339666666666666
6.381374999999999
6.423083333333333
6.464791666666667
6.5065
6.548208333333333
6.589916666666666
6.631625
6.673333333333333
6.715041666666666
6.756749999999999
6.798458333333334
6.840166666666667
6.881875
6.923583333333333
6.965291666666666
7.007
7.048708333333333
7.090416666666666
7.132124999999999
7.1738333333333335
7.215541666666667
7.25725
7.298958333333333
7.3406666666666665
7.382375
7.424083333333333
7.465791666666666
7.507499999999999
7.5492083333333335
7.590916666666667
7.632625
7.674333333333333
7.7160416666666665
7.75775
7.799458333333333
7.841166666666666
7.882874999999999
7.924583333333333
7.966291666666667
8.008
8.049708333333333
8.091416666666666
8.133125
8.174833333333334
8.216541666666666
8.25825
8.299958333333333
